25
0, 431, 338, 233, 179, 469, 415, 106, 146, 83, 508, 548, 600, 362, 569, 375, 102, 492, 106, 697, 460, 589, 373, 257, 765
431, 0, 611, 225, 610, 401, 297, 423, 316, 440, 547, 679, 444, 792, 465, 467, 336, 644, 346, 269, 144, 305, 339, 627, 348
338, 611, 0, 507, 359, 792, 720, 246, 455, 418, 296, 882, 913, 404, 444, 213, 405, 825, 423, 830, 553, 861, 332, 530, 956
233, 225, 507, 0, 402, 303, 216, 270, 95, 220, 560, 507, 410, 590, 547, 441, 130, 462, 131, 492, 310, 362, 361, 402, 536
179, 610, 359, 402, 0, 582, 552, 234, 308, 188, 608, 566, 721, 189, 704, 482, 275, 510, 271, 877, 637, 741, 519, 178, 938
469, 401, 792, 303, 582, 0, 104, 546, 337, 407, 861, 309, 139, 761, 832, 744, 387, 293, 371, 589, 540, 238, 657, 481, 527
415, 297, 720, 216, 552, 104, 0, 477, 271, 366, 766, 394, 194, 738, 729, 654, 321, 368, 309, 500, 435, 198, 559, 482, 463
106, 423, 246, 270, 234, 546, 477, 0, 209, 188, 403, 652, 669, 388, 475, 270, 158, 597, 176, 678, 418, 632, 285, 354, 770
146, 316, 455, 95, 308, 337, 271, 209, 0, 125, 558, 480, 461, 497, 575, 430, 50, 429, 39, 585, 382, 442, 378, 313, 631
83, 440, 418, 220, 188, 407, 366, 188, 125, 0, 588, 465, 543, 377, 638, 454, 108, 409, 94, 709, 493, 553, 439, 199, 756
508, 547, 296, 560, 608, 861, 766, 403, 558, 588, 0, 1036, 953, 694, 173, 133, 519, 984, 543, 682, 429, 847, 211, 755, 846
548, 679, 882, 507, 566, 309, 394, 652, 480, 465, 1036, 0, 390, 697, 1051, 906, 517, 56, 493, 894, 803, 543, 857, 399, 835
600, 444, 913, 410, 721, 139, 194, 669, 461, 543, 953, 390, 0, 901, 902, 844, 512, 392, 498, 571, 588, 181, 743, 620, 467
362, 792, 404, 590, 189, 761, 738, 388, 497, 377, 694, 697, 901, 0, 819, 583, 461, 644, 459, 1057, 806, 929, 654, 301, 1126
569, 465, 444, 547, 704, 832, 729, 475, 575, 638, 173, 1051, 902, 819, 0, 237, 548, 1002, 571, 542, 326, 770, 198, 825, 719
375, 467, 213, 441, 482, 744, 654, 270, 430, 454, 133, 906, 844, 583, 237, 0, 389, 853, 413, 647, 375, 754, 137, 623, 793
102, 336, 405, 130, 275, 387, 321, 158, 50, 108, 519, 517, 512, 461, 548, 389, 0, 464, 24, 605, 384, 488, 349, 307, 664
492, 644, 825, 462, 510, 293, 368, 597, 429, 409, 984, 56, 392, 644, 1002, 853, 464, 0, 440, 868, 763, 531, 807, 345, 820
106, 346, 423, 131, 271, 371, 309, 176, 39, 94, 543, 493, 498, 459, 571, 413, 24, 440, 0, 615, 401, 482, 373, 289, 667
697, 269, 830, 492, 877, 589, 500, 678, 585, 709, 682, 894, 571, 1057, 542, 647, 605, 868, 615, 0, 276, 390, 509, 894, 188
460, 144, 553, 310, 637, 540, 435, 418, 382, 493, 429, 803, 588, 806, 326, 375, 384, 763, 401, 276, 0, 445, 237, 691, 420
589, 305, 861, 362, 741, 238, 198, 632, 442, 553, 847, 543, 181, 929, 770, 754, 488, 531, 482, 390, 445, 0, 636, 681, 293
373, 339, 332, 361, 519, 657, 559, 285, 378, 439, 211, 857, 743, 654, 198, 137, 349, 807, 373, 509, 237, 636, 0, 630, 657
257, 627, 530, 402, 178, 481, 482, 354, 313, 199, 755, 399, 620, 301, 825, 623, 307, 345, 289, 894, 691, 681, 630, 0, 919
765, 348, 956, 536, 938, 527, 463, 770, 631, 756, 846, 835, 467, 1126, 719, 793, 664, 820, 667, 188, 420, 293, 657, 919, 0
